set type 3  charge 0.75
set type 23 charge 0.75
set type 5  charge 0.75
set type 25 charge 0.75
set type 16 charge 0.375
set type 36 charge 0.375
set type 7  charge -0.75
set type 27 charge -0.75
set type 8  charge -0.75
set type 28 charge -0.75

bond_coeff          1     9.600     3.81 
pair_style  hybrid/overlay wfac/cut 25.0 coul/debye 0.126 0.0

pair_coeff 30 30 wfac/cut -0.4285872843006724 6.45565 1 3 19.367
pair_coeff 1 1 wfac/cut -0.36825730084171315 6.467950871367303 1 2 19.403852614101908
pair_coeff 1 2 wfac/cut 0.009756814165469536 5.576178403526399 1 2 16.728535210579196
pair_coeff 1 3 wfac/cut -0.17122465042085722 6.5677835361737795 1 2 19.70335060852134
pair_coeff 1 4 wfac/cut -0.16874965042085657 6.178228033595178 1 2 18.534684100785533
pair_coeff 1 5 wfac/cut -0.03239565042085471 6.643964892255349 1 2 19.93189467676605
pair_coeff 1 6 wfac/cut -0.26948097299657153 5.868502140125925 1 2 17.605506420377775
pair_coeff 1 7 wfac/cut -0.1307386504208547 6.14145960937047 1 2 18.424378828111408
pair_coeff 1 8 wfac/cut -0.1263336504208547 6.318176525841784 1 2 18.95452957752535
pair_coeff 1 9 wfac/cut 0.025464349579143425 6.590037435016079 1 2 19.770112305048237
pair_coeff 1 10 wfac/cut -0.39800879257119276 6.320571545407576 1 2 18.96171463622273
pair_coeff 1 11 wfac/cut -0.5913768840350955 6.483443734640188 1 2 19.450331203920562
pair_coeff 1 12 wfac/cut -0.08390465042085657 6.36518785664648 1 2 19.09556356993944
pair_coeff 1 13 wfac/cut 0.09102034957914343 6.755728450520449 1 2 20.267185351561345
pair_coeff 1 14 wfac/cut 0.011692349579143418 6.538208522101147 1 2 19.61462556630344
pair_coeff 1 15 wfac/cut -0.15332865042085658 5.938940625510648 1 2 17.816821876531947
pair_coeff 1 16 wfac/cut -0.00041965042085656545 6.392507281968151 1 2 19.177521845904455
pair_coeff 1 17 wfac/cut -0.08720465042085657 6.188018494610175 1 2 18.564055483830522
pair_coeff 1 18 wfac/cut -0.14479065042085656 6.1344640513130955 1 2 18.403392153939286
pair_coeff 1 19 wfac/cut -0.14947365042085659 6.094294827619396 1 2 18.282884482858186
pair_coeff 1 20 wfac/cut -0.5833932805445117 6.496393035701747 1 2 19.48917910710524
pair_coeff 1 21 wfac/cut -0.37431030084171313 6.472967463905089 1 2 19.418902391715267
pair_coeff 1 22 wfac/cut -0.00479618583453046 5.579884038976499 1 2 16.7396521169295
pair_coeff 1 23 wfac/cut -0.1750706504208572 6.572908139010548 1 2 19.718724417031645
pair_coeff 1 24 wfac/cut -0.17342365042085656 6.183085528083141 1 2 18.549256584249424
pair_coeff 1 25 wfac/cut -0.07785365042085471 6.646517494086263 1 2 19.93955248225879
pair_coeff 1 26 wfac/cut -0.27691597299657156 5.873266644604083 1 2 17.61979993381225
pair_coeff 1 27 wfac/cut -0.14671865042085472 6.145621669676131 1 2 18.43686500902839
pair_coeff 1 28 wfac/cut -0.14369065042085472 6.322430858089529 1 2 18.967292574268587
pair_coeff 1 29 wfac/cut -0.03735165042085656 6.592040039094211 1 2 19.776120117282634
pair_coeff 1 30 wfac/cut -0.3984227925711928 6.322886509244067 1 2 18.9686595277322
pair_coeff 1 31 wfac/cut -0.5930088840350954 6.486360198534797 1 2 19.45908059560439
pair_coeff 1 32 wfac/cut -0.11421265042085657 6.368425539955892 1 2 19.105276619867674
pair_coeff 1 33 wfac/cut 0.008371349579143428 6.7573688868401405 1 2 20.27210666052042
pair_coeff 1 34 wfac/cut -0.04699265042085657 6.5402914181442595 1 2 19.620874254432778
pair_coeff 1 35 wfac/cut -0.16269365042085657 5.943583554201671 1 2 17.830750662605013
pair_coeff 1 36 wfac/cut -0.05552665042085658 6.394666170151445 1 2 19.183998510454334
pair_coeff 1 37 wfac/cut -0.11641265042085656 6.191219964195186 1 2 18.57365989258556
pair_coeff 1 38 wfac/cut -0.1566356504208566 6.139108925912469 1 2 18.417326777737408
pair_coeff 1 39 wfac/cut -0.15994065042085656 6.098946985727069 1 2 18.296840957181207
pair_coeff 1 40 wfac/cut -0.5833932805445117 6.496393035701747 1 2 19.48917910710524
pair_coeff 2 2 wfac/cut 0.09647 4.695110240398406 1 2 14.085330721195216
pair_coeff 2 3 wfac/cut 0.061139 5.671338290828199 1 2 17.014014872484598
pair_coeff 2 4 wfac/cut 0.063614 5.284424971479424 1 2 15.85327491443827
pair_coeff 2 5 wfac/cut 0.199968 5.766386193227936 1 2 17.299158579683805
pair_coeff 2 6 wfac/cut 0.049383788019489644 4.980134552672144 1 2 14.940403658016432
pair_coeff 2 7 wfac/cut 0.101625 5.2592548053112145 1 2 15.777764415933643
pair_coeff 2 8 wfac/cut 0.10603 5.436374588857539 1 2 16.30912376657262
pair_coeff 2 9 wfac/cut 0.257828 5.7131654456309935 1 2 17.139496336892982
pair_coeff 2 10 wfac/cut -0.010881469185810351 5.412393397897493 1 2 16.23718019369248
pair_coeff 2 11 wfac/cut -0.0641937810326397 5.578930397816427 1 2 16.736791193449278
pair_coeff 2 12 wfac/cut 0.148459 5.486299347261422 1 2 16.458898041784266
pair_coeff 2 13 wfac/cut 0.323384 5.879238002082802 1 2 17.63771400624841
pair_coeff 2 14 wfac/cut 0.244056 5.661218822883835 1 2 16.983656468651503
pair_coeff 2 15 wfac/cut 0.079035 5.052524512175333 1 2 15.157573536526
pair_coeff 2 16 wfac/cut 0.231944 5.515411637199979 1 2 16.54623491159994
pair_coeff 2 17 wfac/cut 0.145159 5.3090163197417555 1 2 15.927048959225267
pair_coeff 2 18 wfac/cut 0.087573 5.249990542761369 1 2 15.749971628284106
pair_coeff 2 19 wfac/cut 0.08289 5.208722790322849 1 2 15.626168370968546
pair_coeff 2 20 wfac/cut -0.35102963012365507 5.580329252471181 1 2 16.740987757413542
pair_coeff 2 21 wfac/cut 0.0037038141654695406 5.577215175821233 1 2 16.731645527463698
pair_coeff 2 22 wfac/cut 0.081917 4.696396560631559 1 2 14.089189681894677
pair_coeff 2 23 wfac/cut 0.057293 5.67211261999139 1 2 17.016337859974172
pair_coeff 2 24 wfac/cut 0.05894 5.285212528563172 1 2 15.855637585689518
pair_coeff 2 25 wfac/cut 0.15451 5.767769508320207 1 2 17.30330852496062
pair_coeff 2 26 wfac/cut 0.04194878801948965 4.981125987510791 1 2 14.943377962532374
pair_coeff 2 27 wfac/cut 0.085645 5.260651874488179 1 2 15.781955623464537
pair_coeff 2 28 wfac/cut 0.088673 5.437809343618614 1 2 16.313428030855842
pair_coeff 2 29 wfac/cut 0.195012 5.714358676536591 1 2 17.143076029609773
pair_coeff 2 30 wfac/cut -0.011295469185810349 5.412530359493723 1 2 16.23759107848117
pair_coeff 2 31 wfac/cut -0.0658257810326397 5.579325356579805 1 2 16.737976069739414
pair_coeff 2 32 wfac/cut 0.118151 5.487774115196598 1 2 16.463322345589795
pair_coeff 2 33 wfac/cut 0.240735 5.880303283956183 1 2 17.64090985186855
pair_coeff 2 34 wfac/cut 0.185371 5.662447134978403 1 2 16.987341404935208
pair_coeff 2 35 wfac/cut 0.06967 5.053695239348068 1 2 15.161085718044204
pair_coeff 2 36 wfac/cut 0.176837 5.516638738971832 1 2 16.549916216915495
pair_coeff 2 37 wfac/cut 0.115951 5.310437234694913 1 2 15.931311704084738
pair_coeff 2 38 wfac/cut 0.075728 5.251325825579545 1 2 15.753977476738633
pair_coeff 2 39 wfac/cut 0.072423 5.20997288304294 1 2 15.629918649128818
pair_coeff 2 40 wfac/cut -0.35102963012365507 5.580329252471181 1 2 16.740987757413542
pair_coeff 3 3 wfac/cut 0.019117 6.671340524039856 1 2 20.014021572119567
pair_coeff 3 4 wfac/cut 0.028283 6.279399881910995 1 2 18.838199645732985
pair_coeff 3 5 wfac/cut 0.121938 6.73819193132635 1 2 20.21457579397905
pair_coeff 3 6 wfac/cut -0.07244832257571497 5.966686347623176 1 2 17.90005904286953
pair_coeff 3 7 wfac/cut 0.000493 6.236987380482699 1 2 18.710962141448096
pair_coeff 3 8 wfac/cut 0.000526 6.413575163938182 1 2 19.240725491814544
pair_coeff 3 9 wfac/cut 0.102701 6.684083406034673 1 2 20.052250218104017
pair_coeff 3 10 wfac/cut -0.2009761421503362 6.433541011383533 1 2 19.3006230341506
pair_coeff 3 11 wfac/cut -0.3943442336142389 6.592557574989555 1 2 19.777672724968664
pair_coeff 3 12 wfac/cut 0.113128 6.4596938105680355 1 2 19.37908143170411
pair_coeff 3 13 wfac/cut 0.104796 6.849685211660051 1 2 20.549055634980153
pair_coeff 3 14 wfac/cut 0.115276 6.632280360446061 1 2 19.896841081338184
pair_coeff 3 15 wfac/cut 0.043704 6.036179732070119 1 2 18.10853919621036
pair_coeff 3 16 wfac/cut 0.08737 6.4866030031823305 1 2 19.45980900954699
pair_coeff 3 17 wfac/cut 0.109828 6.2825460057664415 1 2 18.847638017299325
pair_coeff 3 18 wfac/cut 0.052242 6.2310615597122725 1 2 18.693184679136817
pair_coeff 3 19 wfac/cut 0.047559 6.191153675456269 1 2 18.573461026368804
pair_coeff 3 20 wfac/cut -0.3863606301236551 6.617996254538358 1 2 19.853988763615074
pair_coeff 3 21 wfac/cut -0.17727765042085722 6.575236990212751 1 2 19.725710970638254
pair_coeff 3 22 wfac/cut 0.046586 5.67591070475063 1 2 17.02773211425189
pair_coeff 3 23 wfac/cut 0.016267 6.6786690213492745 1 2 20.036007064047823
pair_coeff 3 24 wfac/cut 0.023609 6.28697050091405 1 2 18.860911502742148
pair_coeff 3 25 wfac/cut 0.088471 6.7410021187479785 1 2 20.223006356243935
pair_coeff 3 26 wfac/cut -0.07988332257571497 5.973496417353158 1 2 17.920489252059475
pair_coeff 3 27 wfac/cut 0.000375 6.242202340571064 1 2 18.726607021713193
pair_coeff 3 28 wfac/cut 0.000395 6.41884518513886 1 2 19.25653555541658
pair_coeff 3 29 wfac/cut 0.087295 6.686244113621416 1 2 20.058732340864246
pair_coeff 3 30 wfac/cut -0.2013901421503362 6.438064853494475 1 2 19.314194560483426
pair_coeff 3 31 wfac/cut -0.39597623361423895 6.597859600272992 1 2 19.793578800818977
pair_coeff 3 32 wfac/cut 0.08282 6.463434808995108 1 2 19.390304426985324
pair_coeff 3 33 wfac/cut 0.089077 6.851438991432198 1 2 20.554316974296594
pair_coeff 3 34 wfac/cut 0.097985 6.634536462444846 1 2 19.903609387334537
pair_coeff 3 35 wfac/cut 0.034339 6.042553594266142 1 2 18.127660782798426
pair_coeff 3 36 wfac/cut 0.06288 6.488951472342971 1 2 19.466854417028912
pair_coeff 3 37 wfac/cut 0.08062 6.286259565568102 1 2 18.858778696704306
pair_coeff 3 38 wfac/cut 0.040397 6.23694969931501 1 2 18.71084909794503
pair_coeff 3 39 wfac/cut 0.037092 6.197406382364393 1 2 18.59221914709318
pair_coeff 3 40 wfac/cut -0.3863606301236551 6.617996254538358 1 2 19.853988763615074
pair_coeff 4 4 wfac/cut 0.030758 5.8890615748048605 1 2 17.667184724414582
pair_coeff 4 5 wfac/cut 0.167112 6.352015695367313 1 2 19.056047086101938
pair_coeff 4 6 wfac/cut -0.06997332257571497 5.577947754246859 1 2 16.733843262740578
pair_coeff 4 7 wfac/cut 0.068769 5.849866323299111 1 2 17.549598969897332
pair_coeff 4 8 wfac/cut 0.073174 6.026541387517959 1 2 18.079624162553877
pair_coeff 4 9 wfac/cut 0.224972 6.298063007043266 1 2 18.894189021129797
pair_coeff 4 10 wfac/cut -0.1985011421503362 6.03696547344559 1 2 18.11089642033677
pair_coeff 4 11 wfac/cut -0.3918692336142389 6.198088878491606 1 2 18.594266635474817
pair_coeff 4 12 wfac/cut 0.115603 6.073287961608412 1 2 18.219863884825237
pair_coeff 4 13 wfac/cut 0.290527 6.463775207339586 1 2 19.39132562201876
pair_coeff 4 14 wfac/cut 0.2112 6.246251077325644 1 2 18.73875323197693
pair_coeff 4 15 wfac/cut 0.046179 5.648007650359314 1 2 16.94402295107794
pair_coeff 4 16 wfac/cut 0.199088 6.1005286446452045 1 2 18.301585933935613
pair_coeff 4 17 wfac/cut 0.112303 5.896099182190375 1 2 17.688297546571125
pair_coeff 4 18 wfac/cut 0.054717 5.84319611761197 1 2 17.52958835283591
pair_coeff 4 19 wfac/cut 0.050034 5.803211551983609 1 2 17.40963465595083
pair_coeff 4 20 wfac/cut -0.3838856301236551 6.214617146494642 1 2 18.643851439483925
pair_coeff 4 21 wfac/cut -0.17480265042085658 6.184377266229273 1 2 18.55313179868782
pair_coeff 4 22 wfac/cut 0.049061 5.288433024843104 1 2 15.865299074529311
pair_coeff 4 23 wfac/cut 0.024437 6.285985931141882 1 2 18.857957793425648
pair_coeff 4 24 wfac/cut 0.026084 5.895181038887271 1 2 17.685543116661812
pair_coeff 4 25 wfac/cut 0.121654 6.3546176961456355 1 2 19.063853088436908
pair_coeff 4 26 wfac/cut -0.07740832257571498 5.583620888610048 1 2 16.75086266583014
pair_coeff 4 27 wfac/cut 0.052789 5.854435916763915 1 2 17.563307750291745
pair_coeff 4 28 wfac/cut 0.055817 6.031184910048361 1 2 18.093554730145083
pair_coeff 4 29 wfac/cut 0.162155 6.300073473520442 1 2 18.900220420561325
pair_coeff 4 30 wfac/cut -0.1989151421503362 6.038590687548953 1 2 18.115772062646858
pair_coeff 4 31 wfac/cut -0.39350123361423894 6.20213243224441 1 2 18.606397296733228
pair_coeff 4 32 wfac/cut 0.085295 6.076667470375622 1 2 18.230002411126865
pair_coeff 4 33 wfac/cut 0.207879 6.4653998696548625 1 2 19.396199608964587
pair_coeff 4 34 wfac/cut 0.152515 6.248347277402027 1 2 18.74504183220608
pair_coeff 4 35 wfac/cut 0.036814 5.653400669933968 1 2 16.960202009801904
pair_coeff 4 36 wfac/cut 0.143981 6.1027057764377375 1 2 18.308117329313212
pair_coeff 4 37 wfac/cut 0.083095 5.899444861363162 1 2 17.698334584089487
pair_coeff 4 38 wfac/cut 0.042872 5.848454222246143 1 2 17.545362666738427
pair_coeff 4 39 wfac/cut 0.039567 5.808550835350359 1 2 17.425652506051076
pair_coeff 4 40 wfac/cut -0.3838856301236551 6.214617146494642 1 2 18.643851439483925
pair_coeff 5 5 wfac/cut 0.089916 6.839051042416954 1 2 20.51715312725086
pair_coeff 5 6 wfac/cut 0.06638067742428502 6.049093128275473 1 2 18.14727938482642
pair_coeff 5 7 wfac/cut 0.001522 6.329860382208001 1 2 18.989581146624005
pair_coeff 5 8 wfac/cut 0.001554 6.507087894628845 1 2 19.521263683886534
pair_coeff 5 9 wfac/cut 0.60782 6.786238537205683 1 2 20.358715611617047
pair_coeff 5 10 wfac/cut -0.062147142150336204 6.477800731622431 1 2 19.433402194867295
pair_coeff 5 11 wfac/cut -0.2555152336142389 6.644606745714045 1 2 19.933820237142136
pair_coeff 5 12 wfac/cut 0.251957 6.5582801074116395 1 2 19.674840322234918
pair_coeff 5 13 wfac/cut 0.691657 6.952550947859904 1 2 20.85765284357971
pair_coeff 5 14 wfac/cut 0.544942 6.734244851368496 1 2 20.20273455410549
pair_coeff 5 15 wfac/cut 0.182533 6.121907195991114 1 2 18.365721587973344
pair_coeff 5 16 wfac/cut 0.124237 6.588371399225676 1 2 19.76511419767703
pair_coeff 5 17 wfac/cut 0.248657 6.381027696653046 1 2 19.143083089959138
pair_coeff 5 18 wfac/cut 0.191071 6.319850876308843 1 2 18.95955262892653
pair_coeff 5 19 wfac/cut 0.186388 6.2782756347766915 1 2 18.834826904330075
pair_coeff 5 20 wfac/cut -0.2475316301236551 6.644914452592528 1 2 19.934743357777585
pair_coeff 5 21 wfac/cut -0.03844865042085471 6.6442230427261695 1 2 19.93266912817851
pair_coeff 5 22 wfac/cut 0.185415 5.7668587075646895 1 2 17.300576122694068
pair_coeff 5 23 wfac/cut 0.160791 6.738370816695987 1 2 20.21511245008796
pair_coeff 5 24 wfac/cut 0.162438 6.352227758045304 1 2 19.056683274135914
pair_coeff 5 25 wfac/cut 0.076528 6.839775073180529 1 2 20.519325219541585
pair_coeff 5 26 wfac/cut 0.058945677424285026 6.0493803544908396 1 2 18.14814106347252
pair_coeff 5 27 wfac/cut 0.001403 6.330338025744615 1 2 18.991014077233842
pair_coeff 5 28 wfac/cut 0.001424 6.507609785991295 1 2 19.522829357973883
pair_coeff 5 29 wfac/cut 0.516647 6.786966179847217 1 2 20.36089853954165
pair_coeff 5 30 wfac/cut -0.0625611421503362 6.477855546012645 1 2 19.433566638037934
pair_coeff 5 31 wfac/cut -0.25714723361423897 6.644688317632491 1 2 19.934064952897472
pair_coeff 5 32 wfac/cut 0.221649 6.558922216808411 1 2 19.676766650425233
pair_coeff 5 33 wfac/cut 0.587908 6.953270762564632 1 2 20.859812287693895
pair_coeff 5 34 wfac/cut 0.4632 6.734965561624807 1 2 20.20489668487442
pair_coeff 5 35 wfac/cut 0.173168 6.122239691611766 1 2 18.366719074835295
pair_coeff 5 36 wfac/cut 0.103828 6.589083179632521 1 2 19.767249538897563
pair_coeff 5 37 wfac/cut 0.219449 6.381655047319296 1 2 19.14496514195789
pair_coeff 5 38 wfac/cut 0.179226 6.320242196579514 1 2 18.96072658973854
pair_coeff 5 39 wfac/cut 0.175921 6.27864243896636 1 2 18.83592731689908
pair_coeff 5 40 wfac/cut -0.2475316301236551 6.644914452592528 1 2 19.934743357777585
pair_coeff 6 6 wfac/cut -0.17070464515142994 5.270073550243385 1 2 15.810220650730155
pair_coeff 6 7 wfac/cut -0.03196232257571496 5.545103888084069 1 2 16.635311664252207
pair_coeff 6 8 wfac/cut -0.02755732257571497 5.721983178129665 1 2 17.165949534388993
pair_coeff 6 9 wfac/cut 0.12424067742428505 5.995374866482686 1 2 17.986124599448058
pair_coeff 6 10 wfac/cut -0.29923246472605114 5.714672842433839 1 2 17.14401852730152
pair_coeff 6 11 wfac/cut -0.4926005561899539 5.879183169613761 1 2 17.637549508841282
pair_coeff 6 12 wfac/cut 0.014871677424285037 5.769878425481944 1 2 17.30963527644583
pair_coeff 6 13 wfac/cut 0.18979667742428505 6.1612197345718664 1 2 18.4836592037156
pair_coeff 6 14 wfac/cut 0.11046867742428504 5.943524169558512 1 2 17.830572508675537
pair_coeff 6 15 wfac/cut -0.05455232257571497 5.341186580911172 1 2 16.023559742733518
pair_coeff 6 16 wfac/cut 0.09835667742428503 5.797765867232053 1 2 17.393297601696162
pair_coeff 6 17 wfac/cut 0.011572677424285027 5.592676667454632 1 2 16.778030002363895
pair_coeff 6 18 wfac/cut -0.04601432257571497 5.537383848868321 1 2 16.612151546604963
pair_coeff 6 19 wfac/cut -0.050697322575714965 5.496867679432823 1 2 16.490603038298467
pair_coeff 6 20 wfac/cut -0.4846169526993701 5.887264113119765 1 2 17.661792339359295
pair_coeff 6 21 wfac/cut -0.27553397299657156 5.872091702440819 1 2 17.616275107322455
pair_coeff 6 22 wfac/cut 0.03483078801948965 4.983057318967985 1 2 14.949171956903955
pair_coeff 6 23 wfac/cut -0.07629432257571497 5.970212624670237 1 2 17.91063787401071
pair_coeff 6 24 wfac/cut -0.07464732257571496 5.581322386503443 1 2 16.743967159510326
pair_coeff 6 25 wfac/cut 0.020922677424285024 6.051283655448215 1 2 18.153850966344642
pair_coeff 6 26 wfac/cut -0.17813864515142994 5.273529178305013 1 2 15.82058753491504
pair_coeff 6 27 wfac/cut -0.04794232257571497 5.548382201124551 1 2 16.645146603373654
pair_coeff 6 28 wfac/cut -0.04491432257571497 5.725365872076537 1 2 17.17609761622961
pair_coeff 6 29 wfac/cut 0.061424677424285035 5.997120040197383 1 2 17.991360120592148
pair_coeff 6 30 wfac/cut -0.29964546472605114 5.716115591130418 1 2 17.148346773391253
pair_coeff 6 31 wfac/cut -0.49423255618995393 5.881066148485684 1 2 17.643198445457053
pair_coeff 6 32 wfac/cut -0.015436322575714964 5.77257425641905 1 2 17.317722769257152
pair_coeff 6 33 wfac/cut 0.10714767742428502 6.16266774871136 1 2 18.48800324613408
pair_coeff 6 34 wfac/cut 0.051783677424285024 5.945332519051 1 2 17.835997557153
pair_coeff 6 35 wfac/cut -0.06391732257571497 5.344636755005952 1 2 16.03391026501786
pair_coeff 6 36 wfac/cut 0.04324967742428504 5.799630893236802 1 2 17.398892679710407
pair_coeff 6 37 wfac/cut -0.01763532257571497 5.595329366190724 1 2 16.785988098572172
pair_coeff 6 38 wfac/cut -0.057859322575714967 5.540935423926066 1 2 16.6228062717782
pair_coeff 6 39 wfac/cut -0.06116432257571497 5.50037559161048 1 2 16.50112677483144
pair_coeff 6 40 wfac/cut -0.4846169526993701 5.887264113119765 1 2 17.661792339359295
pair_coeff 7 7 wfac/cut 0.079096 5.823521721060312 1 2 17.470565163180936
pair_coeff 7 8 wfac/cut 0.082359 6.000582237524121 1 2 18.001746712572363
pair_coeff 7 9 wfac/cut 0.262983 6.276473791430636 1 2 18.829421374291908
pair_coeff 7 10 wfac/cut -0.16049114215033372 5.978735433494051 1 2 17.93620630048215
pair_coeff 7 11 wfac/cut -0.35385923361423893 6.145089275635634 1 2 18.4352678269069
pair_coeff 7 12 wfac/cut 0.153614 6.0500403862929435 1 2 18.150121158878832
pair_coeff 7 13 wfac/cut 0.328538 6.4424403069543335 1 2 19.327320920863002
pair_coeff 7 14 wfac/cut 0.249211 6.224557346027278 1 2 18.673672038081833
pair_coeff 7 15 wfac/cut 0.084189 5.617298771179795 1 2 16.851896313539385
pair_coeff 7 16 wfac/cut 0.001758 6.078759471752929 1 2 18.236278415258788
pair_coeff 7 17 wfac/cut 0.150314 5.872796196825872 1 2 17.618388590477615
pair_coeff 7 18 wfac/cut 0.092728 5.81454574012806 1 2 17.44363722038418
pair_coeff 7 19 wfac/cut 0.088045 5.773404302618334 1 2 17.320212907855
pair_coeff 7 20 wfac/cut -0.3458746301236526 6.146988238119009 1 2 18.44096471435703
pair_coeff 7 21 wfac/cut -0.1367926504208547 6.142810853550669 1 2 18.428432560652006
pair_coeff 7 22 wfac/cut 0.087071 5.260822534908925 1 2 15.782467604726776
pair_coeff 7 23 wfac/cut 0.062448 6.238009317192061 1 2 18.714027951576185
pair_coeff 7 24 wfac/cut 0.064094 5.850906179325341 1 2 17.552718537976023
pair_coeff 7 25 wfac/cut 0.159665 6.331479448731908 1 2 18.994438346195725
pair_coeff 7 26 wfac/cut -0.039397322575714974 5.546505225276659 1 2 16.639515675829976
pair_coeff 7 27 wfac/cut 0.067258 5.825264832984326 1 2 17.47579449895298
pair_coeff 7 28 wfac/cut 0.069297 6.002427424339147 1 2 18.00728227301744
pair_coeff 7 29 wfac/cut 0.200166 6.277866750279897 1 2 18.83360025083969
pair_coeff 7 30 wfac/cut -0.16090414215033372 5.978921905643417 1 2 17.93676571693025
pair_coeff 7 31 wfac/cut -0.3554902336142389 6.145621669676131 1 2 18.43686500902839
pair_coeff 7 32 wfac/cut 0.123306 6.051811079871612 1 2 18.155433239614837
pair_coeff 7 33 wfac/cut 0.24589 6.4436539809330755 1 2 19.330961942799227
pair_coeff 7 34 wfac/cut 0.190526 6.225980124267849 1 2 18.677940372803548
pair_coeff 7 35 wfac/cut 0.074825 5.6188072088999945 1 2 16.856421626699984
pair_coeff 7 36 wfac/cut 0.00135 6.080187764149639 1 2 18.24056329244892
pair_coeff 7 37 wfac/cut 0.121106 5.874523045623452 1 2 17.623569136870355
pair_coeff 7 38 wfac/cut 0.080883 5.816239431041905 1 2 17.448718293125715
pair_coeff 7 39 wfac/cut 0.077578 5.775001596638995 1 2 17.325004789916985
pair_coeff 7 40 wfac/cut -0.3458746301236526 6.146988238119009 1 2 18.44096471435703
pair_coeff 8 8 wfac/cut 0.085622 6.177670315650897 1 2 18.533010946952693
pair_coeff 8 9 wfac/cut 0.267388 6.453698205558216 1 2 19.36109461667465
pair_coeff 8 10 wfac/cut -0.15608614215033373 6.155038804583549 1 2 18.46511641375065
pair_coeff 8 11 wfac/cut -0.34945423361423894 6.321457293122011 1 2 18.964371879366034
pair_coeff 8 12 wfac/cut 0.158019 6.22721384211578 1 2 18.681641526347338
pair_coeff 8 13 wfac/cut 0.332943 6.61969178186508 1 2 19.85907534559524
pair_coeff 8 14 wfac/cut 0.253616 6.401798946045327 1 2 19.205396838135982
pair_coeff 8 15 wfac/cut 0.088594 5.794219764312674 1 2 17.382659292938023
pair_coeff 8 16 wfac/cut 0.001791 6.2560007029022255 1 2 18.768002108706675
pair_coeff 8 17 wfac/cut 0.154719 6.049988923928926 1 2 18.14996677178678
pair_coeff 8 18 wfac/cut 0.097133 5.991524845146615 1 2 17.974574535439846
pair_coeff 8 19 wfac/cut 0.09245 5.950364732175825 1 2 17.851094196527477
pair_coeff 8 20 wfac/cut -0.3414696301236526 6.323325627682127 1 2 18.96997688304638
pair_coeff 8 21 wfac/cut -0.1323876504208547 6.319407907453407 1 2 18.95822372236022
pair_coeff 8 22 wfac/cut 0.091476 5.437918514751647 1 2 16.313755544254942
pair_coeff 8 23 wfac/cut 0.066853 6.414637503765215 1 2 19.243912511295648
pair_coeff 8 24 wfac/cut 0.068499 6.027610728824833 1 2 18.082832186474498
pair_coeff 8 25 wfac/cut 0.16407 6.50867097271995 1 2 19.52601291815985
pair_coeff 8 26 wfac/cut -0.03499232257571497 5.723271374681476 1 2 17.16981412404443
pair_coeff 8 27 wfac/cut 0.095204 6.002225923033709 1 2 18.006677769101127
pair_coeff 8 28 wfac/cut 0.07256 6.179413824459994 1 2 18.538241473379983
pair_coeff 8 29 wfac/cut 0.204571 6.455074051412765 1 2 19.365222154238296
pair_coeff 8 30 wfac/cut -0.15649914215033373 6.155372367938502 1 2 18.466117103815506
pair_coeff 8 31 wfac/cut -0.35108523361423893 6.321931368367982 1 2 18.965794105103946
pair_coeff 8 32 wfac/cut 0.127711 6.228922014398231 1 2 18.686766043194694
pair_coeff 8 33 wfac/cut 0.250295 6.620903112987423 1 2 19.86270933896227
pair_coeff 8 34 wfac/cut 0.194931 6.403201712664134 1 2 19.2096051379924
pair_coeff 8 35 wfac/cut 0.07923 5.795615810910755 1 2 17.386847432732267
pair_coeff 8 36 wfac/cut 0.001379 6.257425310960982 1 2 18.772275932882945
pair_coeff 8 37 wfac/cut 0.125511 6.051653861598323 1 2 18.154961584794968
pair_coeff 8 38 wfac/cut 0.085288 5.993104375441103 1 2 17.97931312632331
pair_coeff 8 39 wfac/cut 0.081983 5.951847773872721 1 2 17.855543321618164
pair_coeff 8 40 wfac/cut -0.3414696301236526 6.323325627682127 1 2 18.96997688304638
pair_coeff 9 9 wfac/cut 0.419186 6.733634028253079 1 2 20.20090208475924
pair_coeff 9 10 wfac/cut -0.0042871421503362095 6.423549039740656 1 2 19.270647119221966
pair_coeff 9 11 wfac/cut -0.19765523361423892 6.590387900103195 1 2 19.771163700309586
pair_coeff 9 12 wfac/cut 0.309817 6.50524897581083 1 2 19.51574692743249
pair_coeff 9 13 wfac/cut 0.484741 6.900050363131952 1 2 20.700151089395856
pair_coeff 9 14 wfac/cut 0.405414 6.6815889712242855 1 2 20.044766913672856
pair_coeff 9 15 wfac/cut 0.240393 6.068280818635755 1 2 18.204842455907265
pair_coeff 9 16 wfac/cut 0.393302 6.535691224609458 1 2 19.607073673828374
pair_coeff 9 17 wfac/cut 0.306517 6.327982683666391 1 2 18.98394805099917
pair_coeff 9 18 wfac/cut 0.248931 6.266295198960733 1 2 18.798885596882197
pair_coeff 9 19 wfac/cut 0.244248 6.2246507773507185 1 2 18.673952332052156
pair_coeff 9 20 wfac/cut -0.1896716301236551 6.5905505017289965 1 2 19.771651505186988
pair_coeff 9 21 wfac/cut 0.019411349579143422 6.590180270116687 1 2 19.770540810350063
pair_coeff 9 22 wfac/cut 0.243275 5.713450024075365 1 2 17.140350072226095
pair_coeff 9 23 wfac/cut 0.218651 6.6841805825849985 1 2 20.052541747754994
pair_coeff 9 24 wfac/cut 0.220298 6.298178954636986 1 2 18.894536863910957
pair_coeff 9 25 wfac/cut 0.315868 6.786739795335731 1 2 20.360219386007195
pair_coeff 9 26 wfac/cut 0.11680567742428502 5.99553560612189 1 2 17.98660681836567
pair_coeff 9 27 wfac/cut 0.247003 6.276768673597067 1 2 18.8303060207912
pair_coeff 9 28 wfac/cut 0.250031 6.454011505099358 1 2 19.362034515298074
pair_coeff 9 29 wfac/cut 0.356369 6.734156486173098 1 2 20.202469458519293
pair_coeff 9 30 wfac/cut -0.004701142150336207 6.4235779793345555 1 2 19.270733938003666
pair_coeff 9 31 wfac/cut -0.19928723361423892 6.590431338464252 1 2 19.771294015392755
pair_coeff 9 32 wfac/cut 0.279509 6.505661229041637 1 2 19.516983687124913
pair_coeff 9 33 wfac/cut 0.402093 6.900589936537501 1 2 20.701769809612504
pair_coeff 9 34 wfac/cut 0.346729 6.682106650582579 1 2 20.046319951747737
pair_coeff 9 35 wfac/cut 0.231028 6.06846960743136 1 2 18.20540882229408
pair_coeff 9 36 wfac/cut 0.338195 6.536191669581551 1 2 19.60857500874465
pair_coeff 9 37 wfac/cut 0.277309 6.328383771538186 1 2 18.98515131461456
pair_coeff 9 38 wfac/cut 0.237086 6.266521616565618 1 2 18.799564849696853
pair_coeff 9 39 wfac/cut 0.233781 6.224860927463627 1 2 18.674582782390882
pair_coeff 9 40 wfac/cut -0.1896716301236551 6.5905505017289965 1 2 19.771651505186988
pair_coeff 10 10 wfac/cut -0.42776028430067237 6.265999286288815 1 2 18.797997858866445
pair_coeff 10 11 wfac/cut -0.6211283757645751 6.390932891994093 1 2 19.17279867598228
pair_coeff 10 12 wfac/cut -0.1136561421503362 6.199729734496916 1 2 18.59918920349075
pair_coeff 10 13 wfac/cut 0.06126785784966379 6.589117480615403 1 2 19.76735244184621
pair_coeff 10 14 wfac/cut -0.018059142150336188 6.371783619045257 1 2 19.11535085713577
pair_coeff 10 15 wfac/cut -0.1830801421503362 5.781664862063682 1 2 17.344994586191046
pair_coeff 10 16 wfac/cut -0.0301711421503362 6.226104236834126 1 2 18.67831271050238
pair_coeff 10 17 wfac/cut -0.1169561421503362 6.022605657483588 1 2 18.067816972450764
pair_coeff 10 18 wfac/cut -0.1745421421503362 5.974331431598945 1 2 17.922994294796837
pair_coeff 10 19 wfac/cut -0.1792251421503362 5.935671447441882 1 2 17.807014342325644
pair_coeff 10 21 wfac/cut -0.4040617925711928 6.336783382464571 1 2 19.010350147393712
pair_coeff 10 22 wfac/cut -0.025434469185810347 5.418375566526451 1 2 16.255126699579353
pair_coeff 10 23 wfac/cut -0.2048221421503362 6.452549354094189 1 2 19.357648062282568
pair_coeff 10 24 wfac/cut -0.2031751421503362 6.0532242372044625 1 2 18.15967271161339
pair_coeff 10 25 wfac/cut -0.1076051421503362 6.480992623201166 1 2 19.442977869603496
pair_coeff 10 26 wfac/cut -0.30666746472605116 5.727883796640076 1 2 17.18365138992023
pair_coeff 10 27 wfac/cut -0.17647014215033374 5.986137211233324 1 2 17.958411633699974
pair_coeff 10 28 wfac/cut -0.1734421421503337 6.162354266488605 1 2 18.487062799465814
pair_coeff 10 29 wfac/cut -0.0671041421503362 6.425899535640867 1 2 19.277698606922602
pair_coeff 10 30 wfac/cut -0.4281742843006724 6.279450553510229 1 2 18.838351660530687
pair_coeff 10 31 wfac/cut -0.6227603757645751 6.414806714205564 1 2 19.24442014261669
pair_coeff 10 32 wfac/cut -0.1439641421503362 6.20424895331838 1 2 18.61274685995514
pair_coeff 10 33 wfac/cut -0.021380142150336207 6.590957221363035 1 2 19.772871664089106
pair_coeff 10 34 wfac/cut -0.0767441421503362 6.374256698313246 1 2 19.12277009493974
pair_coeff 10 35 wfac/cut -0.1924451421503362 5.79281450588842 1 2 17.37844351766526
pair_coeff 10 36 wfac/cut -0.08527814215033619 6.228661475252712 1 2 18.685984425758136
pair_coeff 10 37 wfac/cut -0.14616414215033618 6.027117316392745 1 2 18.081351949178234
pair_coeff 10 38 wfac/cut -0.1863871421503362 5.983977483837185 1 2 17.951932451511553
pair_coeff 10 39 wfac/cut -0.1896921421503362 5.94607610198081 1 2 17.83822830594243
pair_coeff 11 11 wfac/cut -0.8144964672284779 6.53407242179841 1 2 19.60221726539523
pair_coeff 11 12 wfac/cut -0.3070242336142389 6.366490684329992 1 2 19.099472052989977
pair_coeff 11 13 wfac/cut -0.13210023361423895 6.755935225417062 1 2 20.267805676251186
pair_coeff 11 14 wfac/cut -0.21142723361423893 6.538603519887749 1 2 19.615810559663245
pair_coeff 11 15 wfac/cut -0.37644823361423896 5.946968662780402 1 2 17.840905988341206
pair_coeff 11 16 wfac/cut -0.22353923361423894 6.392942886970462 1 2 19.178828660911385
pair_coeff 11 17 wfac/cut -0.31032423361423894 6.189364574070181 1 2 18.56809372221054
pair_coeff 11 18 wfac/cut -0.3679102336142389 6.1402119935661545 1 2 18.420635980698464
pair_coeff 11 19 wfac/cut -0.3725932336142389 6.101247830628814 1 2 18.30374349188644
pair_coeff 11 20 wfac/cut -0.806512863737894 6.607723261980873 1 2 19.823169785942618
pair_coeff 11 21 wfac/cut -0.5974298840350954 6.496393035701747 1 2 19.48917910710524
pair_coeff 11 22 wfac/cut -0.07874678103263971 5.584501642231329 1 2 16.753504926693985
pair_coeff 11 23 wfac/cut -0.39819023361423894 6.60658239133453 1 2 19.819747174003588
pair_coeff 11 24 wfac/cut -0.39654323361423893 6.210508609486856 1 2 18.631525828460568
pair_coeff 11 25 wfac/cut -0.30097323361423894 6.647740379710509 1 2 19.943221139131527
pair_coeff 11 26 wfac/cut -0.5000355561899539 5.890170182090268 1 2 17.670510546270805
pair_coeff 11 27 wfac/cut -0.36983823361423895 6.151889183567281 1 2 18.455667550701843
pair_coeff 11 28 wfac/cut -0.3668102336142389 6.3282208238107795 1 2 18.984662471432337
pair_coeff 11 29 wfac/cut -0.26047223361423893 6.5927216895129135 1 2 19.77816506853874
pair_coeff 11 30 wfac/cut -0.621542375764575 6.397951767513159 1 2 19.193855302539475
pair_coeff 11 31 wfac/cut -0.8161284672284779 6.548412328573101 1 2 19.645236985719304
pair_coeff 11 32 wfac/cut -0.3373322336142389 6.370842118401069 1 2 19.112526355203208
pair_coeff 11 33 wfac/cut -0.21474823361423892 6.75777413374384 1 2 20.27332240123152
pair_coeff 11 34 wfac/cut -0.2701122336142389 6.541054552668633 1 2 19.623163658005897
pair_coeff 11 35 wfac/cut -0.3858132336142389 5.956563720651988 1 2 17.869691161955963
pair_coeff 11 36 wfac/cut -0.2786462336142389 6.395473237725452 1 2 19.186419713176356
pair_coeff 11 37 wfac/cut -0.3395322336142389 6.193703302501737 1 2 18.58110990750521
pair_coeff 11 38 wfac/cut -0.3797552336142389 6.148785435376327 1 2 18.446356306128983
pair_coeff 11 39 wfac/cut -0.3830602336142389 6.110345071454451 1 2 18.331035214363354
pair_coeff 11 40 wfac/cut -0.806512863737894 6.607723261980873 1 2 19.823169785942618
pair_coeff 12 12 wfac/cut 0.200448 6.277850874229409 1 2 18.833552622688227
pair_coeff 12 13 wfac/cut 0.375372 6.671405311072043 1 2 20.01421593321613
pair_coeff 12 14 wfac/cut 0.296045 6.4532756440329795 1 2 19.35982693209894
pair_coeff 12 15 wfac/cut 0.131024 5.84255485528308 1 2 17.52766456584924
pair_coeff 12 16 wfac/cut 0.283933 6.307431677259977 1 2 18.92229503177993
pair_coeff 12 17 wfac/cut 0.197148 6.100591694847331 1 2 18.301775084541994
pair_coeff 12 18 wfac/cut 0.139562 6.040345112977554 1 2 18.12103533893266
pair_coeff 12 19 wfac/cut 0.134879 5.998852825433778 1 2 17.99655847630133
pair_coeff 12 20 wfac/cut -0.2990406301236551 6.367152767929573 1 2 19.101458303788718
pair_coeff 12 21 wfac/cut -0.08995765042085657 6.365699666568734 1 2 19.0970989997062
pair_coeff 12 22 wfac/cut 0.133906 5.487109605448974 1 2 16.46132881634692
pair_coeff 12 23 wfac/cut 0.109282 6.460110665288058 1 2 19.380331995864175
pair_coeff 12 24 wfac/cut 0.110929 6.07371622854753 1 2 18.22114868564259
pair_coeff 12 25 wfac/cut 0.206499 6.559327404195954 1 2 19.67798221258786
pair_coeff 12 26 wfac/cut 0.007436677424285026 5.770434344200525 1 2 17.311303032601575
pair_coeff 12 27 wfac/cut 0.137634 6.050878049577443 1 2 18.15263414873233
pair_coeff 12 28 wfac/cut 0.140662 6.22811906216779 1 2 18.68435718650337
pair_coeff 12 29 wfac/cut 0.247 6.506235094735004 1 2 19.518705284205012
pair_coeff 12 30 wfac/cut -0.1140701421503362 6.199847722340906 1 2 18.59954316702272
pair_coeff 12 31 wfac/cut -0.30865623361423894 6.366663725733202 1 2 19.099991177199605
pair_coeff 12 32 wfac/cut 0.17014 6.278875223812024 1 2 18.836625671436074
pair_coeff 12 33 wfac/cut 0.292724 6.6723319742793255 1 2 20.016995922837978
pair_coeff 12 34 wfac/cut 0.23736 6.454265231889239 1 2 19.362795695667717
pair_coeff 12 35 wfac/cut 0.121659 5.8431832590102974 1 2 17.529549777030894
pair_coeff 12 36 wfac/cut 0.228826 6.308421039847022 1 2 18.925263119541064
pair_coeff 12 37 wfac/cut 0.16794 6.10158175427316 1 2 18.30474526281948
pair_coeff 12 38 wfac/cut 0.127717 6.041063379946771 1 2 18.123190139840315
pair_coeff 12 39 wfac/cut 0.124412 5.999536872422517 1 2 17.998610617267552
pair_coeff 12 40 wfac/cut -0.2990406301236551 6.367152767929573 1 2 19.101458303788718
pair_coeff 13 13 wfac/cut 0.550297 7.066547961746265 1 2 21.199643885238793
pair_coeff 13 14 wfac/cut 0.47097 6.84798437757724 1 2 20.54395313273172
pair_coeff 13 15 wfac/cut 0.305948 6.234139720557474 1 2 18.702419161672424
pair_coeff 13 16 wfac/cut 0.458857 6.702091518082294 1 2 20.10627455424688
pair_coeff 13 17 wfac/cut 0.372073 6.494164476750084 1 2 19.48249343025025
pair_coeff 13 18 wfac/cut 0.314487 6.432174788842087 1 2 19.29652436652626
pair_coeff 13 19 wfac/cut 0.309804 6.390531854157171 1 2 19.171595562471513
pair_coeff 13 20 wfac/cut -0.12411563012365512 6.756032732095156 1 2 20.268098196285468
pair_coeff 13 21 wfac/cut 0.08496634957914342 6.755817014102551 1 2 20.267451042307652
pair_coeff 13 22 wfac/cut 0.30883 5.879425000161095 1 2 17.638275000483283
pair_coeff 13 23 wfac/cut 0.284207 6.8497445004881925 1 2 20.549233501464578
pair_coeff 13 24 wfac/cut 0.285853 6.4638463520895115 1 2 19.391539056268535
pair_coeff 13 25 wfac/cut 0.381424 6.952910842994874 1 2 20.85873252898462
pair_coeff 13 26 wfac/cut 0.18236167742428502 6.1613130283141055 1 2 18.483939084942318
pair_coeff 13 27 wfac/cut 0.312558 6.442631932062835 1 2 19.327895796188507
pair_coeff 13 28 wfac/cut 0.315587 6.619890395721167 1 2 19.8596711871635
pair_coeff 13 29 wfac/cut 0.421925 6.900441239237516 1 2 20.701323717712548
pair_coeff 13 30 wfac/cut 0.060854857849663796 6.589134834507833 1 2 19.7674045035235
pair_coeff 13 31 wfac/cut -0.13373123361423894 6.755970194682537 1 2 20.267910584047613
pair_coeff 13 32 wfac/cut 0.345065 6.671688068448729 1 2 20.015064205346185
pair_coeff 13 33 wfac/cut 0.467649 7.066966231238362 1 2 21.200898693715086
pair_coeff 13 34 wfac/cut 0.412285 6.848368288265007 1 2 20.54510486479502
pair_coeff 13 35 wfac/cut 0.296584 6.23425905911194 1 2 18.70277717733582
pair_coeff 13 36 wfac/cut 0.403751 6.702459807412386 1 2 20.10737942223716
pair_coeff 13 37 wfac/cut 0.342865 6.494438889291505 1 2 19.483316667874515
pair_coeff 13 38 wfac/cut 0.302642 6.4323262444775215 1 2 19.296978733432564
pair_coeff 13 39 wfac/cut 0.299337 6.3906653903753785 1 2 19.171996171126136
pair_coeff 13 40 wfac/cut -0.12411563012365512 6.756032732095156 1 2 20.268098196285468
pair_coeff 14 14 wfac/cut 0.391642 6.629549396410893 1 2 19.88864818923268
pair_coeff 14 15 wfac/cut 0.226621 6.016400811210637 1 2 18.049202433631912
pair_coeff 14 16 wfac/cut 0.37953 6.483674128071082 1 2 19.451022384213246
pair_coeff 14 17 wfac/cut 0.292745 6.276026354822916 1 2 18.828079064468746
pair_coeff 14 18 wfac/cut 0.235159 6.2144055979415755 1 2 18.643216793824728
pair_coeff 14 19 wfac/cut 0.230476 6.172787382997035 1 2 18.518362148991105
pair_coeff 14 20 wfac/cut -0.2034436301236551 6.538787910119839 1 2 19.616363730359517
pair_coeff 14 21 wfac/cut 0.005639349579143416 6.538369107168012 1 2 19.615107321504034
pair_coeff 14 22 wfac/cut 0.229503 5.661533193978743 1 2 16.98459958193623
pair_coeff 14 23 wfac/cut 0.204879 6.632390006238709 1 2 19.89717001871613
pair_coeff 14 24 wfac/cut 0.206526 6.246381672050424 1 2 18.73914501615127
pair_coeff 14 25 wfac/cut 0.302096 6.734778137463742 1 2 20.204334412391226
pair_coeff 14 26 wfac/cut 0.10303367742428504 5.94370434405314 1 2 17.831113032159422
pair_coeff 14 27 wfac/cut 0.233231 6.2248725061501835 1 2 18.67461751845055
pair_coeff 14 28 wfac/cut 0.236259 6.402145618033878 1 2 19.206436854101636
pair_coeff 14 29 wfac/cut 0.342598 6.6821466956694 1 2 20.0464400870082
pair_coeff 14 30 wfac/cut -0.018473142150336186 6.3718164337361864 1 2 19.11544930120856
pair_coeff 14 31 wfac/cut -0.21305923361423892 6.538652708676239 1 2 19.61595812602872
pair_coeff 14 32 wfac/cut 0.265737 6.453725824442914 1 2 19.361177473328745
pair_coeff 14 33 wfac/cut 0.388321 6.848555261309869 1 2 20.545665783929607
pair_coeff 14 34 wfac/cut 0.332957 6.630097176272377 1 2 19.89029152881713
pair_coeff 14 35 wfac/cut 0.217256 6.0166118728379825 1 2 18.049835618513946
pair_coeff 14 36 wfac/cut 0.324423 6.484210545760694 1 2 19.45263163728208
pair_coeff 14 37 wfac/cut 0.263537 6.276464594313065 1 2 18.829393782939196
pair_coeff 14 38 wfac/cut 0.223314 6.2146578822218475 1 2 18.643973646665543
pair_coeff 14 39 wfac/cut 0.220009 6.173021960210248 1 2 18.51906588063074
pair_coeff 14 40 wfac/cut -0.2034436301236551 6.538787910119839 1 2 19.616363730359517
pair_coeff 15 15 wfac/cut 0.0616 5.412669704115792 1 2 16.238009112347374
pair_coeff 15 16 wfac/cut 0.214509 5.870633388669294 1 2 17.61190016600788
pair_coeff 15 17 wfac/cut 0.127724 5.665328065098679 1 2 16.99598419529604
pair_coeff 15 18 wfac/cut 0.070138 5.60931576883087 1 2 16.82794730649261
pair_coeff 15 19 wfac/cut 0.065455 5.568478936337624 1 2 16.705436809012873
pair_coeff 15 20 wfac/cut -0.3684646301236551 5.95253426830798 1 2 17.857602804923943
pair_coeff 15 21 wfac/cut -0.15938165042085656 5.941730116730399 1 2 17.8251903501912
pair_coeff 15 22 wfac/cut 0.064482 5.055066526249052 1 2 15.165199578747156
pair_coeff 15 23 wfac/cut 0.039858 6.0388189375203165 1 2 18.116456812560948
pair_coeff 15 24 wfac/cut 0.041505 5.650569731939204 1 2 16.951709195817614
pair_coeff 15 25 wfac/cut 0.137075 6.123955851741878 1 2 18.371867555225634
pair_coeff 15 26 wfac/cut -0.061987322575714966 5.343933138992498 1 2 16.031799416977496
pair_coeff 15 27 wfac/cut 0.06821 5.620115241697351 1 2 16.860345725092053
pair_coeff 15 28 wfac/cut 0.071238 5.79714638380999 1 2 17.39143915142997
pair_coeff 15 29 wfac/cut 0.177576 6.069943102760143 1 2 18.20982930828043
pair_coeff 15 30 wfac/cut -0.1834941421503362 5.7826589372196375 1 2 17.347976811658913
pair_coeff 15 31 wfac/cut -0.3780802336142389 5.948302390882524 1 2 17.84490717264757
pair_coeff 15 32 wfac/cut 0.100716 5.845003436795657 1 2 17.53501031038697
pair_coeff 15 33 wfac/cut 0.2233 6.235536027214636 1 2 18.706608081643907
pair_coeff 15 34 wfac/cut 0.167936 6.018117533790267 1 2 18.054352601370802
pair_coeff 15 35 wfac/cut 0.052235 5.415473890209146 1 2 16.246421670627438
pair_coeff 15 36 wfac/cut 0.159402 5.872398100194439 1 2 17.617194300583318
pair_coeff 15 37 wfac/cut 0.098516 5.667732143982081 1 2 17.003196431946243
pair_coeff 15 38 wfac/cut 0.058293 5.612162941341123 1 2 16.83648882402337
pair_coeff 15 39 wfac/cut 0.054988 5.571364187563539 1 2 16.714092562690617
pair_coeff 15 40 wfac/cut -0.3684646301236551 5.95253426830798 1 2 17.857602804923943
pair_coeff 16 16 wfac/cut 0.027216 6.337782403912046 1 2 19.01334721173614
pair_coeff 16 17 wfac/cut 0.280633 6.130180422228775 1 2 18.390541266686323
pair_coeff 16 18 wfac/cut 0.223047 6.068649252074198 1 2 18.205947756222592
pair_coeff 16 19 wfac/cut 0.218364 6.027019005823624 1 2 18.081057017470872
pair_coeff 16 20 wfac/cut -0.2155556301236551 6.393147480752069 1 2 19.179442442256207
pair_coeff 16 21 wfac/cut -0.006472650420856568 6.392683938124808 1 2 19.178051814374424
pair_coeff 16 22 wfac/cut 0.217391 5.515750877499212 1 2 16.547252632497635
pair_coeff 16 23 wfac/cut 0.192767 6.486724075272986 1 2 19.46017222581896
pair_coeff 16 24 wfac/cut 0.194414 6.100672500483568 1 2 18.302017501450702
pair_coeff 16 25 wfac/cut 0.289984 6.588935233441612 1 2 19.766805700324838
pair_coeff 16 26 wfac/cut 0.09092167742428503 5.79796325726322 1 2 17.39388977178966
pair_coeff 16 27 wfac/cut 0.221118 6.0791010484529915 1 2 18.237303145358975
pair_coeff 16 28 wfac/cut 0.224147 6.256376087421608 1 2 18.769128262264825
pair_coeff 16 29 wfac/cut 0.330485 6.536274979404401 1 2 19.608824938213203
pair_coeff 16 30 wfac/cut -0.030585142150336198 6.226140636452508 1 2 18.678421909357525
pair_coeff 16 31 wfac/cut -0.22517123361423894 6.392997387325535 1 2 19.178992161976602
pair_coeff 16 32 wfac/cut 0.253625 6.307912958718467 1 2 18.9237388761554
pair_coeff 16 33 wfac/cut 0.376209 6.702684222295407 1 2 20.10805266688622
pair_coeff 16 34 wfac/cut 0.320845 6.484248553549719 1 2 19.452745660649157
pair_coeff 16 35 wfac/cut 0.205144 5.870864049052838 1 2 17.612592147158516
pair_coeff 16 36 wfac/cut 0.023134 6.338345846056568 1 2 19.015037538169704
pair_coeff 16 37 wfac/cut 0.251425 6.130649043241044 1 2 18.391947129723132
pair_coeff 16 38 wfac/cut 0.211202 6.0689241564117395 1 2 18.20677246923522
pair_coeff 16 39 wfac/cut 0.207897 6.027275074473145 1 2 18.081825223419436
pair_coeff 16 40 wfac/cut -0.2155556301236551 6.393147480752069 1 2 19.179442442256207
pair_coeff 17 17 wfac/cut 0.193849 5.9233491242788805 1 2 17.770047372836643
pair_coeff 17 18 wfac/cut 0.136263 5.8630821184928195 1 2 17.58924635547846
pair_coeff 17 19 wfac/cut 0.13158 5.821644218417775 1 2 17.464932655253325
pair_coeff 17 20 wfac/cut -0.3023396301236551 6.1899864646586105 1 2 18.569959393975832
pair_coeff 17 21 wfac/cut -0.09325765042085657 6.188546099325202 1 2 18.565638297975607
pair_coeff 17 22 wfac/cut 0.130606 5.30983190747035 1 2 15.929495722411051
pair_coeff 17 23 wfac/cut 0.105983 6.282921319282791 1 2 18.848763957848373
pair_coeff 17 24 wfac/cut 0.107629 5.896489952968157 1 2 17.68946985890447
pair_coeff 17 25 wfac/cut 0.2032 6.382089400238762 1 2 19.146268200716285
pair_coeff 17 26 wfac/cut 0.00413767742428503 5.59320394576633 1 2 16.77961183729899
pair_coeff 17 27 wfac/cut 0.134334 5.873649240456693 1 2 17.62094772137008
pair_coeff 17 28 wfac/cut 0.137363 6.050910374214647 1 2 18.152731122643942
pair_coeff 17 29 wfac/cut 0.243701 6.328963417719822 1 2 18.986890253159466
pair_coeff 17 30 wfac/cut -0.1173691421503362 6.022666584916778 1 2 18.067999754750335
pair_coeff 17 31 wfac/cut -0.31195523361423894 6.189544117007458 1 2 18.568632351022373
pair_coeff 17 32 wfac/cut 0.166841 6.101625831837799 1 2 18.304877495513395
pair_coeff 17 33 wfac/cut 0.289424 6.495083547619462 1 2 19.485250642858386
pair_coeff 17 34 wfac/cut 0.234061 6.277022750655092 1 2 18.831068251965277
pair_coeff 17 35 wfac/cut 0.118359 5.665971807159278 1 2 16.997915421477835
pair_coeff 17 36 wfac/cut 0.225527 6.131165252735328 1 2 18.393495758205983
pair_coeff 17 37 wfac/cut 0.164641 5.924348407080925 1 2 17.773045221242775
pair_coeff 17 38 wfac/cut 0.124417 5.863848431499796 1 2 17.591545294499387
pair_coeff 17 39 wfac/cut 0.121113 5.822344488616284 1 2 17.46703346584885
pair_coeff 17 40 wfac/cut -0.3023396301236551 6.1899864646586105 1 2 18.569959393975832
pair_coeff 18 18 wfac/cut 0.078677 5.806155150598376 1 2 17.41846545179513
pair_coeff 18 19 wfac/cut 0.073994 5.765149033334852 1 2 17.29544710000456
pair_coeff 18 20 wfac/cut -0.3599256301236551 6.143860896897243 1 2 18.431582690691727
pair_coeff 18 21 wfac/cut -0.15084365042085657 6.136530836242518 1 2 18.409592508727556
pair_coeff 18 22 wfac/cut 0.07302 5.2521394224496145 1 2 15.756418267348844
pair_coeff 18 23 wfac/cut 0.048396 6.232722071931244 1 2 18.698166215793734
pair_coeff 18 24 wfac/cut 0.050043 5.845049472828402 1 2 17.535148418485207
pair_coeff 18 25 wfac/cut 0.145613 6.3217567788528175 1 2 18.965270336558454
pair_coeff 18 26 wfac/cut -0.05344832257571497 5.539473279208256 1 2 16.618419837624767
pair_coeff 18 27 wfac/cut 0.076748 5.816985496228361 1 2 17.450956488685083
pair_coeff 18 28 wfac/cut 0.079776 5.993977654615634 1 2 17.9819329638469
pair_coeff 18 29 wfac/cut 0.186115 6.267859616819192 1 2 18.803578850457576
pair_coeff 18 30 wfac/cut -0.1749551421503362 5.974983307333975 1 2 17.924949922001925
pair_coeff 18 31 wfac/cut -0.36954223361423894 6.1411099770057245 1 2 18.42332993101717
pair_coeff 18 32 wfac/cut 0.109254 6.042493928204347 1 2 18.12748178461304
pair_coeff 18 33 wfac/cut 0.231838 6.433519247230287 1 2 19.300557741690863
pair_coeff 18 34 wfac/cut 0.176474 6.216033392034327 1 2 18.648100176102982
pair_coeff 18 35 wfac/cut 0.060773 5.611389850569513 1 2 16.834169551708538
pair_coeff 18 36 wfac/cut 0.16794 6.070294170144763 1 2 18.21088251043429
pair_coeff 18 37 wfac/cut 0.107055 5.865217375098184 1 2 17.595652125294553
pair_coeff 18 38 wfac/cut 0.066831 5.808437279092397 1 2 17.425311837277192
pair_coeff 18 39 wfac/cut 0.063527 5.767428643819603 1 2 17.302285931458808
pair_coeff 18 40 wfac/cut -0.3599256301236551 6.143860896897243 1 2 18.431582690691727
pair_coeff 19 19 wfac/cut 0.069311 5.724362787504792 1 2 17.173088362514378
pair_coeff 19 20 wfac/cut -0.3646086301236551 6.10586575299424 1 2 18.31759725898272
pair_coeff 19 21 wfac/cut -0.15552665042085656 6.0967512192398505 1 2 18.290253657719553
pair_coeff 19 22 wfac/cut 0.068337 5.211108138159037 1 2 15.633324414477112
pair_coeff 19 23 wfac/cut 0.043714 6.1934329156331 1 2 18.5802987468993
pair_coeff 19 24 wfac/cut 0.04536 5.805442925019495 1 2 17.416328775058485
pair_coeff 19 25 wfac/cut 0.14093 6.280274061428144 1 2 18.84082218428443
pair_coeff 19 26 wfac/cut -0.05813132257571497 5.499319146540279 1 2 16.497957439620837
pair_coeff 19 27 wfac/cut 0.072065 5.776024303801226 1 2 17.328072911403677
pair_coeff 19 28 wfac/cut 0.075093 5.953096206763187 1 2 17.85928862028956
pair_coeff 19 29 wfac/cut 0.181432 6.226290621468162 1 2 18.678871864404485
pair_coeff 19 30 wfac/cut -0.1796381421503362 5.936496588820257 1 2 17.80948976646077
pair_coeff 19 31 wfac/cut -0.37422523361423893 6.10236911417194 1 2 18.30710734251582
pair_coeff 19 32 wfac/cut 0.104571 6.001202451726246 1 2 18.003607355178737
pair_coeff 19 33 wfac/cut 0.227155 6.391918936768799 1 2 19.175756810306396
pair_coeff 19 34 wfac/cut 0.171791 6.174477574070478 1 2 18.52343272221143
pair_coeff 19 35 wfac/cut 0.05609 5.571011278043507 1 2 16.71303383413052
pair_coeff 19 36 wfac/cut 0.163258 6.028753613252821 1 2 18.086260839758463
pair_coeff 19 37 wfac/cut 0.102372 5.823949131867462 1 2 17.471847395602385
pair_coeff 19 38 wfac/cut 0.062148 5.767856883865312 1 2 17.303570651595933
pair_coeff 19 39 wfac/cut 0.058844 5.726983480603789 1 2 17.18095044181137
pair_coeff 19 40 wfac/cut -0.3646086301236551 6.10586575299424 1 2 18.31759725898272
pair_coeff 20 21 wfac/cut -0.5894462805445116 6.5199210046589675 1 2 19.5597630139769
pair_coeff 20 22 wfac/cut -0.3655826301236551 5.587459907599181 1 2 16.76237972279754
pair_coeff 20 23 wfac/cut -0.3902056301236551 6.649574443493311 1 2 19.948723330479933
pair_coeff 20 24 wfac/cut -0.3885596301236551 6.242374503621665 1 2 18.727123510864995
pair_coeff 20 25 wfac/cut -0.2929896301236551 6.648355967009086 1 2 19.945067901027258
pair_coeff 20 26 wfac/cut -0.4920509526993701 5.903567074401621 1 2 17.71070122320486
pair_coeff 20 27 wfac/cut -0.3618546301236526 6.155943831058615 1 2 18.467831493175847
pair_coeff 20 28 wfac/cut -0.3588266301236526 6.331503643570952 1 2 18.994510930712856
pair_coeff 20 29 wfac/cut -0.2524876301236551 6.593018960515583 1 2 19.77905688154675
pair_coeff 20 32 wfac/cut -0.3293486301236551 6.372029116976672 1 2 19.116087350930016
pair_coeff 20 33 wfac/cut -0.2067646301236551 6.757970683221281 1 2 20.273912049663842
pair_coeff 20 34 wfac/cut -0.26212863012365506 6.5414250271565235 1 2 19.62427508146957
pair_coeff 20 35 wfac/cut -0.3778296301236551 5.967018638311549 1 2 17.901055914934645
pair_coeff 20 36 wfac/cut -0.2706616301236551 6.395882535691026 1 2 19.187647607073078
pair_coeff 20 37 wfac/cut -0.33154763012365507 6.194931490620908 1 2 18.584794471862722
pair_coeff 20 38 wfac/cut -0.3717716301236551 6.155796177211015 1 2 18.467388531633045
pair_coeff 20 39 wfac/cut -0.3750756301236551 6.119051758363574 1 2 18.357155275090722
pair_coeff 21 21 wfac/cut -0.38036330084171316 6.480069420606985 1 2 19.440208261820956
pair_coeff 21 22 wfac/cut -0.010849185834530456 5.581642130693901 1 2 16.7449263920817
pair_coeff 21 23 wfac/cut -0.1811236504208572 6.583002517343036 1 2 19.74900755202911
pair_coeff 21 24 wfac/cut -0.17947765042085656 6.191552500203247 1 2 18.574657500609742
pair_coeff 21 25 wfac/cut -0.08390665042085471 6.646999738911693 1 2 19.94099921673508
pair_coeff 21 26 wfac/cut -0.28296897299657153 5.878598106878971 1 2 17.63579432063691
pair_coeff 21 27 wfac/cut -0.1527726504208547 6.1478586796466335 1 2 18.443576038939902
pair_coeff 21 28 wfac/cut -0.14974365042085472 6.324516380690015 1 2 18.973549142070045
pair_coeff 21 29 wfac/cut -0.04340565042085656 6.592313711480712 1 2 19.776941134442136
pair_coeff 21 30 wfac/cut -0.40447579257119276 6.340969704607503 1 2 19.02290911382251
pair_coeff 21 31 wfac/cut -0.5990618840350954 6.5013402123206046 1 2 19.504020636961812
pair_coeff 21 32 wfac/cut -0.12026565042085657 6.369348945541728 1 2 19.108046836625185
pair_coeff 21 33 wfac/cut 0.002318349579143425 6.757540572332879 1 2 20.27262171699864
pair_coeff 21 34 wfac/cut -0.05304565042085657 6.540596793679068 1 2 19.621790381037204
pair_coeff 21 35 wfac/cut -0.16874665042085657 5.947844531230358 1 2 17.843533593691074
pair_coeff 21 36 wfac/cut -0.06157965042085656 6.39500222582037 1 2 19.18500667746111
pair_coeff 21 37 wfac/cut -0.12246565042085657 6.192166186380409 1 2 18.57649855914123
pair_coeff 21 38 wfac/cut -0.16268865042085656 6.142414836822247 1 2 18.42724451046674
pair_coeff 21 39 wfac/cut -0.16599365042085656 6.102763659737872 1 2 18.308290979213616
pair_coeff 21 40 wfac/cut -0.5894462805445116 6.5199210046589675 1 2 19.5597630139769
pair_coeff 22 22 wfac/cut 0.067364 4.698227190160832 1 2 14.094681570482496
pair_coeff 22 23 wfac/cut 0.04274 5.6772849911904 1 2 17.0318549735712
pair_coeff 22 24 wfac/cut 0.044387 5.289807269665101 1 2 15.869421808995302
pair_coeff 22 25 wfac/cut 0.139957 5.768554114508845 1 2 17.305662343526535
pair_coeff 22 26 wfac/cut 0.027395788019489647 4.984686027270456 1 2 14.954058081811368
pair_coeff 22 27 wfac/cut 0.071091 5.262912382415455 1 2 15.788737147246366
pair_coeff 22 28 wfac/cut 0.07412 5.439975772862831 1 2 16.319927318588494
pair_coeff 22 29 wfac/cut 0.180458 5.714850862757114 1 2 17.144552588271342
pair_coeff 22 30 wfac/cut -0.025848469185810352 5.418902704026212 1 2 16.256708112078634
pair_coeff 22 31 wfac/cut -0.0803787810326397 5.585489758070483 1 2 16.756469274211447
pair_coeff 22 32 wfac/cut 0.103598 5.489037080971375 1 2 16.467111242914125
pair_coeff 22 33 wfac/cut 0.226182 5.8806376350894025 1 2 17.641912905268207
pair_coeff 22 34 wfac/cut 0.170818 5.662987686021554 1 2 16.988963058064662
pair_coeff 22 35 wfac/cut 0.055117 5.056931123036382 1 2 15.170793369109145
pair_coeff 22 36 wfac/cut 0.162284 5.517215784587296 1 2 16.551647353761886
pair_coeff 22 37 wfac/cut 0.101398 5.311696859115723 1 2 15.935090577347168
pair_coeff 22 38 wfac/cut 0.061175 5.254183030641423 1 2 15.762549091924269
pair_coeff 22 39 wfac/cut 0.05787 5.213062357159386 1 2 15.639187071478158
pair_coeff 22 40 wfac/cut -0.3655826301236551 5.587459907599181 1 2 16.76237972279754
pair_coeff 23 23 wfac/cut 0.01342 6.688853536606121 1 2 20.066560609818364
pair_coeff 23 24 wfac/cut 0.019763 6.29527868599085 1 2 18.885836057972547
pair_coeff 23 25 wfac/cut 0.085206 6.741392723436803 1 2 20.22417817031041
pair_coeff 23 26 wfac/cut -0.08372832257571497 5.978305270632397 1 2 17.93491581189719
pair_coeff 23 27 wfac/cut 0.000342 6.244253298502354 1 2 18.732759895507062
pair_coeff 23 28 wfac/cut 0.000366 6.4204818546224995 1 2 19.261445563867497
pair_coeff 23 29 wfac/cut 0.07189 6.686432938070228 1 2 20.059298814210685
pair_coeff 23 30 wfac/cut -0.2052351421503362 6.460111302128625 1 2 19.380333906385875
pair_coeff 23 31 wfac/cut -0.3998222336142389 6.617996254538358 1 2 19.853988763615074
pair_coeff 23 32 wfac/cut 0.078974 6.4641118645001 1 2 19.3923355935003
pair_coeff 23 33 wfac/cut 0.073358 6.85155566549562 1 2 20.55466699648686
pair_coeff 23 34 wfac/cut 0.080693 6.634779187210656 1 2 19.90433756163197
pair_coeff 23 35 wfac/cut 0.030493 6.046847416569171 1 2 18.14054224970751
pair_coeff 23 36 wfac/cut 0.061166 6.489185414364156 1 2 19.467556243092467
pair_coeff 23 37 wfac/cut 0.076775 6.2869559403051 1 2 18.860867820915303
pair_coeff 23 38 wfac/cut 0.036551 6.240136548485556 1 2 18.72040964545667
pair_coeff 23 39 wfac/cut 0.033247 6.2011686854634664 1 2 18.6035060563904
pair_coeff 23 40 wfac/cut -0.3902056301236551 6.649574443493311 1 2 19.948723330479933
pair_coeff 24 24 wfac/cut 0.021409 5.902825373061459 1 2 17.708476119184375
pair_coeff 24 25 wfac/cut 0.11698 6.355020618222843 1 2 19.065061854668528
pair_coeff 24 26 wfac/cut -0.08208232257571496 5.588184701124206 1 2 16.764554103372618
pair_coeff 24 27 wfac/cut 0.048114 5.856453272809193 1 2 17.56935981842758
pair_coeff 24 28 wfac/cut 0.051143 6.03282984385001 1 2 18.09848953155003
pair_coeff 24 29 wfac/cut 0.157481 6.300272873273843 1 2 18.90081861982153
pair_coeff 24 30 wfac/cut -0.2035891421503362 6.05885560137348 1 2 18.17656680412044
pair_coeff 24 31 wfac/cut -0.39817523361423895 6.219293562690735 1 2 18.657880688072204
pair_coeff 24 32 wfac/cut 0.080621 6.077365593674358 1 2 18.232096781023074
pair_coeff 24 33 wfac/cut 0.203205 6.465539023765016 1 2 19.396617071295047
pair_coeff 24 34 wfac/cut 0.147841 6.248599086448351 1 2 18.745797259345053
pair_coeff 24 35 wfac/cut 0.03214 5.6574738585901345 1 2 16.972421575770404
pair_coeff 24 36 wfac/cut 0.139307 6.102951668547555 1 2 18.308855005642666
pair_coeff 24 37 wfac/cut 0.078421 5.900160965208208 1 2 17.700482895624624
pair_coeff 24 38 wfac/cut 0.038198 5.85153222065546 1 2 17.55459666196638
pair_coeff 24 39 wfac/cut 0.034893 5.812153931855011 1 2 17.436461795565034
pair_coeff 24 40 wfac/cut -0.3885596301236551 6.242374503621665 1 2 18.727123510864995
pair_coeff 25 25 wfac/cut 0.062978 6.840818860381698 1 2 20.522456581145093
pair_coeff 25 26 wfac/cut 0.013488677424285028 6.051811079871612 1 2 18.155433239614837
pair_coeff 25 27 wfac/cut 0.001064 6.332285213812248 1 2 18.996855641436742
pair_coeff 25 28 wfac/cut 0.001085 6.509542326637676 1 2 19.528626979913028
pair_coeff 25 29 wfac/cut 0.425474 6.7877218996841355 1 2 20.363165699052406
pair_coeff 25 30 wfac/cut -0.1080181421503362 6.481102402445426 1 2 19.44330720733628
pair_coeff 25 31 wfac/cut -0.3026052336142389 6.647901648052044 1 2 19.94370494415613
pair_coeff 25 32 wfac/cut 0.176191 6.560327886240045 1 2 19.680983658720134
pair_coeff 25 33 wfac/cut 0.48416 6.953839371357665 1 2 20.861518114072993
pair_coeff 25 34 wfac/cut 0.381459 6.735769622233203 1 2 20.20730886669961
pair_coeff 25 35 wfac/cut 0.12771 6.1245540687340725 1 2 18.37366220620222
pair_coeff 25 36 wfac/cut 0.086889 6.589926019306955 1 2 19.769778057920867
pair_coeff 25 37 wfac/cut 0.173991 6.38305646617526 1 2 19.14916939852578
pair_coeff 25 38 wfac/cut 0.133768 6.322442926130092 1 2 18.967328778390275
pair_coeff 25 39 wfac/cut 0.130463 6.280926022691235 1 2 18.842778068073706
pair_coeff 25 40 wfac/cut -0.2929896301236551 6.648355967009086 1 2 19.945067901027258
pair_coeff 26 26 wfac/cut -0.18557364515142993 5.278051554722805 1 2 15.834154664168416
pair_coeff 26 27 wfac/cut -0.05537732257571497 5.550632394717641 1 2 16.651897184152922
pair_coeff 26 28 wfac/cut -0.052349322575714965 5.727313013729271 1 2 17.18193904118781
pair_coeff 26 29 wfac/cut 0.05398967742428504 5.997401234701861 1 2 17.99220370410558
pair_coeff 26 30 wfac/cut -0.30708046472605116 5.729200436106479 1 2 17.187601308319437
pair_coeff 26 31 wfac/cut -0.501667556189954 5.893502125092778 1 2 17.680506375278334
pair_coeff 26 32 wfac/cut -0.022870322575714974 5.77355467816977 1 2 17.32066403450931
pair_coeff 26 33 wfac/cut 0.09971267742428502 6.162846524069043 1 2 18.48853957220713
pair_coeff 26 34 wfac/cut 0.04434967742428503 5.945670315140756 1 2 17.837010945422268
pair_coeff 26 35 wfac/cut -0.07135232257571497 5.3486854588231765 1 2 16.04605637646953
pair_coeff 26 36 wfac/cut 0.03581567742428504 5.799973083941243 1 2 17.39991925182373
pair_coeff 26 37 wfac/cut -0.025070322575714968 5.596251927245512 1 2 16.788755781736537
pair_coeff 26 38 wfac/cut -0.06529432257571496 5.544164768287125 1 2 16.632494304861375
pair_coeff 26 39 wfac/cut -0.06859832257571497 5.504054682438701 1 2 16.512164047316105
pair_coeff 26 40 wfac/cut -0.4920509526993701 5.903567074401621 1 2 17.71070122320486
pair_coeff 27 27 wfac/cut 0.055422 5.8277356350076115 1 2 17.483206905022833
pair_coeff 27 28 wfac/cut 0.057461 6.0048083393750415 1 2 18.014425018125124
pair_coeff 27 29 wfac/cut 0.184186 6.278368151196274 1 2 18.83510445358882
pair_coeff 27 30 wfac/cut -0.1768841421503337 5.986861716352022 1 2 17.960585149056065
pair_coeff 27 31 wfac/cut -0.3714702336142389 6.152881477214971 1 2 18.458644431644913
pair_coeff 27 32 wfac/cut 0.107326 6.053140955180234 1 2 18.159422865540705
pair_coeff 27 33 wfac/cut 0.22991 6.444000765960297 1 2 19.33200229788089
pair_coeff 27 34 wfac/cut 0.174546 6.226529663564308 1 2 18.679588990692924
pair_coeff 27 35 wfac/cut 0.058845 5.622457081906772 1 2 16.867371245720314
pair_coeff 27 36 wfac/cut 0.001228 6.080799532766481 1 2 18.242398598299445
pair_coeff 27 37 wfac/cut 0.105126 5.875867449320084 1 2 17.627602347960252
pair_coeff 27 38 wfac/cut 0.064903 5.819413545043322 1 2 17.458240635129968
pair_coeff 27 39 wfac/cut 0.061598 5.778457730344957 1 2 17.335373191034872
pair_coeff 27 40 wfac/cut -0.3618546301236526 6.155943831058615 1 2 18.467831493175847
pair_coeff 28 28 wfac/cut 0.059908 6.1818125994432265 1 2 18.54543779832968
pair_coeff 28 29 wfac/cut 0.187215 6.4556028384801145 1 2 19.366808515440344
pair_coeff 28 30 wfac/cut -0.17385514215033374 6.162677260323304 1 2 18.488031780969912
pair_coeff 28 31 wfac/cut -0.36844223361423895 6.329122536684595 1 2 18.987367610053788
pair_coeff 28 32 wfac/cut 0.110354 6.230341958421634 1 2 18.691025875264902
pair_coeff 28 33 wfac/cut 0.232938 6.621259842822526 1 2 19.863779528467578
pair_coeff 28 34 wfac/cut 0.177574 6.403800703379438 1 2 19.211402110138312
pair_coeff 28 35 wfac/cut 0.061873 5.7993639894571976 1 2 17.39809196837159
pair_coeff 28 36 wfac/cut 0.001252 6.258048801889918 1 2 18.774146405669754
pair_coeff 28 37 wfac/cut 0.108154 6.053088642675554 1 2 18.159265928026663
pair_coeff 28 38 wfac/cut 0.067931 5.9963870692049515 1 2 17.989161207614856
pair_coeff 28 39 wfac/cut 0.064626 5.955407688864699 1 2 17.866223066594095
pair_coeff 28 40 wfac/cut -0.3588266301236526 6.331503643570952 1 2 18.994510930712856
pair_coeff 29 29 wfac/cut 0.293553 6.734901221669089 1 2 20.204703665007266
pair_coeff 29 30 wfac/cut -0.06751714215033619 6.425928662140226 1 2 19.277785986420678
pair_coeff 29 31 wfac/cut -0.26210323361423893 6.592808608254519 1 2 19.77842582476356
pair_coeff 29 32 wfac/cut 0.216693 6.5069139355650485 1 2 19.520741806695145
pair_coeff 29 33 wfac/cut 0.339277 6.901174934210456 1 2 20.703524802631367
pair_coeff 29 34 wfac/cut 0.283913 6.682893550119813 1 2 20.048680650359437
pair_coeff 29 35 wfac/cut 0.168212 6.070294170144763 1 2 18.21088251043429
pair_coeff 29 36 wfac/cut 0.275379 6.53700493974828 1 2 19.61101481924484
pair_coeff 29 37 wfac/cut 0.214493 6.329613164394258 1 2 18.988839493182773
pair_coeff 29 38 wfac/cut 0.17427 6.268290266697097 1 2 18.80487080009129
pair_coeff 29 39 wfac/cut 0.170965 6.226677571408917 1 2 18.68003271422675
pair_coeff 29 40 wfac/cut -0.2524876301236551 6.593018960515583 1 2 19.77905688154675
pair_coeff 30 31 wfac/cut -0.6231733757645751 6.436867325811939 1 2 19.310601977435816
pair_coeff 30 32 wfac/cut -0.1443771421503362 6.2043654791136875 1 2 18.613096437341063
pair_coeff 30 33 wfac/cut -0.021794142150336204 6.590992227279316 1 2 19.77297668183795
pair_coeff 30 34 wfac/cut -0.0771571421503362 6.374322689731052 1 2 19.122968069193156
pair_coeff 30 35 wfac/cut -0.1928591421503362 5.794680761693587 1 2 17.38404228508076
pair_coeff 30 36 wfac/cut -0.08569114215033619 6.228734363673756 1 2 18.68620309102127
pair_coeff 30 37 wfac/cut -0.14657714215033618 6.027237821338098 1 2 18.081713464014296
pair_coeff 30 38 wfac/cut -0.1868011421503362 5.985230649978958 1 2 17.955691949936874
pair_coeff 30 39 wfac/cut -0.1901051421503362 5.947631895281645 1 2 17.842895685844933
pair_coeff 31 31 wfac/cut -0.8177604672284778 6.567831037515117 1 2 19.703493112545353
pair_coeff 31 32 wfac/cut -0.33896423361423894 6.371180012524027 1 2 19.11354003757208
pair_coeff 31 33 wfac/cut -0.21638023361423891 6.757844212311977 1 2 20.273532636935933
pair_coeff 31 34 wfac/cut -0.27174423361423894 6.541152469250684 1 2 19.623457407752053
pair_coeff 31 35 wfac/cut -0.38744523361423894 5.958948966149641 1 2 17.87684689844892
pair_coeff 31 36 wfac/cut -0.2802782336142389 6.395617784448214 1 2 19.18685335334464
pair_coeff 31 37 wfac/cut -0.3411642336142389 6.194052355515639 1 2 18.58215706654692
pair_coeff 31 38 wfac/cut -0.38138723361423893 6.150442231391871 1 2 18.451326694175613
pair_coeff 31 39 wfac/cut -0.38469223361423893 6.1123674095484715 1 2 18.337102228645414
pair_coeff 32 32 wfac/cut 0.139832 6.280338147956703 1 2 18.841014443870108
pair_coeff 32 33 wfac/cut 0.262416 6.672807379130834 1 2 20.018422137392502
pair_coeff 32 34 wfac/cut 0.207052 6.454996866244807 1 2 19.364990598734423
pair_coeff 32 35 wfac/cut 0.091351 5.846082838683163 1 2 17.53824851604949
pair_coeff 32 36 wfac/cut 0.198518 6.309181376440496 1 2 18.92754412932149
pair_coeff 32 37 wfac/cut 0.137633 6.103047888395006 1 2 18.30914366518502
pair_coeff 32 38 wfac/cut 0.097409 6.043739153604026 1 2 18.131217460812078
pair_coeff 32 39 wfac/cut 0.094104 6.002359484884067 1 2 18.007078454652202
pair_coeff 32 40 wfac/cut -0.3293486301236551 6.372029116976672 1 2 19.116087350930016
pair_coeff 33 33 wfac/cut 0.385 7.067563273437359 1 2 21.202689820312077
pair_coeff 33 34 wfac/cut 0.329636 6.849136659067028 1 2 20.547409977201085
pair_coeff 33 35 wfac/cut 0.213935 6.235761878631987 1 2 18.70728563589596
pair_coeff 33 36 wfac/cut 0.321102 6.703247958074066 1 2 20.109743874222197
pair_coeff 33 37 wfac/cut 0.260216 6.49554680247315 1 2 19.48664040741945
pair_coeff 33 38 wfac/cut 0.219993 6.433800819712532 1 2 19.3014024591376
pair_coeff 33 39 wfac/cut 0.216688 6.3921696304391835 1 2 19.17650889131755
pair_coeff 33 40 wfac/cut -0.2067646301236551 6.757970683221281 1 2 20.273912049663842
pair_coeff 34 34 wfac/cut 0.274272 6.630885251270346 1 2 19.892655753811038
pair_coeff 34 35 wfac/cut 0.158571 6.018506537122348 1 2 18.055519611367043
pair_coeff 34 36 wfac/cut 0.265738 6.485029527646095 1 2 19.455088582938284
pair_coeff 34 37 wfac/cut 0.204852 6.27772691468288 1 2 18.83318074404864
pair_coeff 34 38 wfac/cut 0.164629 6.216488307385695 1 2 18.649464922157083
pair_coeff 34 39 wfac/cut 0.161324 6.17490549231641 1 2 18.52471647694923
pair_coeff 34 40 wfac/cut -0.26212863012365506 6.5414250271565235 1 2 19.62427508146957
pair_coeff 35 35 wfac/cut 0.04287 5.4194558891562785 1 2 16.258367667468836
pair_coeff 35 36 wfac/cut 0.150037 5.8728226163551005 1 2 17.6184678490653
pair_coeff 35 37 wfac/cut 0.089151 5.6688305293155095 1 2 17.006491587946527
pair_coeff 35 38 wfac/cut 0.048928 5.615420402551611 1 2 16.846261207654834
pair_coeff 35 39 wfac/cut 0.045623 5.575027083025114 1 2 16.725081249075345
pair_coeff 35 40 wfac/cut -0.3778296301236551 5.967018638311549 1 2 17.901055914934645
pair_coeff 36 36 wfac/cut 0.019052 6.339149093005715 1 2 19.017447279017144
pair_coeff 36 37 wfac/cut 0.196319 6.131909094415353 1 2 18.39572728324606
pair_coeff 36 38 wfac/cut 0.156095 6.07081046198845 1 2 18.21243138596535
pair_coeff 36 39 wfac/cut 0.152791 6.029219810679759 1 2 18.087659432039278
pair_coeff 36 40 wfac/cut -0.2706616301236551 6.395882535691026 1 2 19.187647607073078
pair_coeff 37 37 wfac/cut 0.135433 5.925773208988131 1 2 17.777319626964392
pair_coeff 37 38 wfac/cut 0.095209 5.866481553533799 1 2 17.599444660601396
pair_coeff 37 39 wfac/cut 0.091905 5.82512551794993 1 2 17.47537655384979
pair_coeff 37 40 wfac/cut -0.33154763012365507 6.194931490620908 1 2 18.584794471862722
pair_coeff 38 38 wfac/cut 0.054986 5.811826808320624 1 2 17.43548042496187
pair_coeff 38 39 wfac/cut 0.051681 5.771184604473262 1 2 17.313553813419787
pair_coeff 38 40 wfac/cut -0.3717716301236551 6.155796177211015 1 2 18.467388531633045
pair_coeff 39 39 wfac/cut 0.048377 5.730699270006254 1 2 17.192097810018762
pair_coeff 39 40 wfac/cut -0.3750756301236551 6.119051758363574 1 2 18.357155275090722
pair_coeff 40 40 wfac/cut -0.7985282602473102 6.921680089176746 1 11 20.76504026753024
pair_coeff 20 40 wfac/cut -0.7985282602473102 6.921680089176746 1 11 20.76504026753024
pair_coeff 20 20 wfac/cut -0.7985282602473102 6.921680089176746 1 11 20.76504026753024
pair_coeff 10 20 wfac/cut -0.6131447722739912 6.718011650959061 1 4 20.154034952877183
pair_coeff 10 40 wfac/cut -0.6131447722739912 6.718011650959061 1 4 20.154034952877183
pair_coeff 20 30 wfac/cut -0.6135577722739912 6.745752996427961 1 4 20.237258989283884
pair_coeff 20 31 wfac/cut -0.8081448637378941 6.883184689300606 1 4 20.649554067901818
pair_coeff 30 40 wfac/cut -0.6135577722739912 6.745752996427961 1 4 20.237258989283884
pair_coeff 31 40 wfac/cut 0.004064 6.883184689300606 1 4 20.649554067901818
pair_coeff 3 3 coul/debye 35.
pair_coeff 3 5 coul/debye 35.
pair_coeff 3 7 coul/debye 35.
pair_coeff 3 8 coul/debye 35.
pair_coeff 3 16 coul/debye 35.
pair_coeff 3 23 coul/debye 35.
pair_coeff 3 25 coul/debye 35.
pair_coeff 3 36 coul/debye 35.
pair_coeff 5 5 coul/debye 35.
pair_coeff 5 7 coul/debye 35.
pair_coeff 5 8 coul/debye 35.
pair_coeff 5 16 coul/debye 35.
pair_coeff 5 23 coul/debye 35.
pair_coeff 5 25 coul/debye 35.
pair_coeff 5 27 coul/debye 35.
pair_coeff 5 28 coul/debye 35.
pair_coeff 5 36 coul/debye 35.
pair_coeff 7 7 coul/debye 35.
pair_coeff 7 8 coul/debye 35.
pair_coeff 7 16 coul/debye 35.
pair_coeff 7 23 coul/debye 35.
pair_coeff 7 25 coul/debye 35.
pair_coeff 7 27 coul/debye 35.
pair_coeff 7 28 coul/debye 35.
pair_coeff 7 36 coul/debye 35.
pair_coeff 8 8 coul/debye 35.
pair_coeff 8 16 coul/debye 35.
pair_coeff 8 23 coul/debye 35.
pair_coeff 8 25 coul/debye 35.
pair_coeff 8 27 coul/debye 35.
pair_coeff 8 28 coul/debye 35.
pair_coeff 8 36 coul/debye 35.
pair_coeff 16 16 coul/debye 35.
pair_coeff 16 23 coul/debye 35.
pair_coeff 16 25 coul/debye 35.
pair_coeff 16 27 coul/debye 35.
pair_coeff 16 28 coul/debye 35.
pair_coeff 16 36 coul/debye 35.
pair_coeff 23 23 coul/debye 35.
pair_coeff 23 25 coul/debye 35.
pair_coeff 23 36 coul/debye 35.
pair_coeff 25 25 coul/debye 35.
pair_coeff 25 27 coul/debye 35.
pair_coeff 25 28 coul/debye 35.
pair_coeff 25 36 coul/debye 35.
pair_coeff 27 27 coul/debye 35.
pair_coeff 27 28 coul/debye 35.
pair_coeff 27 36 coul/debye 35.
pair_coeff 28 28 coul/debye 35.
pair_coeff 28 36 coul/debye 35.
pair_coeff 36 36 coul/debye 35.
pair_coeff 3 27 coul/debye 35.
pair_coeff 3 28 coul/debye 35.
pair_coeff 23 27 coul/debye 35.
pair_coeff 23 28 coul/debye 35.
