Protein_Sequence, Simulated_Value (K), Standard_Error (K), Experimental_Value (K)
(AVPGVG)25	328.268268	0.175175	339

(TVPGVG)65	321.436436	0.616551	324

(GVPGAV)30	325.865866	1.183342	329

(GVPGVA)50	318.058058	0.109082	318

(VPGVA)35	318.958959	0.288603	316

(VPGVG)30	326.816817	0.532628	323

(VAPVG)35	319.959960	0.204839	320

(VGPVG)30	328.393393	0.188935	323

(VPAGVG)25	326.741742	0.563480	343

(VPTGVG)40	327.542543	0.090229	326

(APVGVG)35	320.435435	0.086689	329

(APVGLG)40	308.623624	0.295041	305

(VPAVG)45	314.979980	1.344615	315

(VTPAVG)25	320.210210	0.476791	346

(TPVAVG)30	319.959960	0.175175	316

(VAPVG)30	320.810811	0.000000	317

(VAPVG)40	318.233233	0.400400	313

(TPVAVG)20	323.138138	1.165479	323

(TPVAVG)40	317.107107	0.959800	312

(TVPGVG)25	335.400400	1.547308	349

(VGAPVG)25	331.321321	1.802323	341

(VGAPVG)35	320.660661	0.114679	332

(VPTGVG)25	336.126126	0.979818	350


